Gene	log2FoldChange	pvalue	padj
STPG1	0.137095844714667	0.391968657178394	0.499994982577514
NIPAL3	-0.0564698171396089	0.455039206862587	0.499994982577514
AK2	-1.8547228112584	0.000103856780597877	0.000882314811745931
ST7L	1.83200828244444	0.000124145358409655	0.00102692169280969
DNAJC11	0.0404268323140999	0.467779164764913	0.499994982577514
E2F2	-1.65382744832896	0.000470403335868008	0.00308048851196897
CSDE1	0.151152199743894	0.38121001242199	0.499994982577514
METTL13	-1.64479782779235	0.000501657236241293	0.00326250188810717
SCMH1	0.201842371387704	0.343222280251956	0.499994982577514
FMO1	-0.0062714099052421	0.494996270062226	0.499994982577514
ATP1A2	0.130486965422349	0.397056305482813	0.499994982577514
RUNX3	1.32804899991024	0.00395253190659184	0.0184516712273074
DEPDC1	1.1098146278644	0.0132219723302738	0.0526089447571653
KPNA6	-0.0278788766817371	0.477767395243963	0.499994982577514
SARS1	-1.97209551504347	4.00349066023153e-05	0.000410357792673732
LRRC7	0.0635950398070075	0.449394978466748	0.499994982577514
ZZZ3	-0.0284252921416072	0.47733210931638	0.499994982577514
SLC66A1	-0.265645542090478	0.297608541406032	0.499994982577514
USH2A	1.65946970144287	0.000451800178088435	0.00297935362193982
VPS13D	0.132011334573019	0.395881225447085	0.499994982577514
COL9A2	-0.0306638594078475	0.475549107960908	0.499994982577514
H6PD	-0.178130843398	0.360822299469455	0.499994982577514
UTS2	-0.0171917355759621	0.486285681894346	0.499994982577514
SIKE1	0.12146746991726	0.404027899061846	0.499994982577514
OPN3	2.35720094277058	1.21210889458823e-06	3.57193339873968e-05
SDCCAG8	-0.04304691316062	0.465695915642865	0.499994982577514
HHAT	-0.025726938276893	0.479481927155825	0.499994982577514
KIF1B	-0.176316308519478	0.362181940810826	0.499994982577514
SZRD1	0.905464920564555	0.035075856310205	0.126246307253906
PITHD1	-0.0639994875960119	0.449074892024416	0.499994982577514
LAMC2	0.0455450123241219	0.46371052943399	0.499994982577514
ATP2B4	1.28014242257923	0.00522932006845189	0.0235944919834935
NDC1	0.103510352196992	0.417996844489678	0.499994982577514
TARBP1	-0.0608926375407211	0.451534537960578	0.499994982577514
PTPRU	0.050495512329797	0.459778792516425	0.499994982577514
COL11A1	-0.171700867907334	0.365648126924307	0.499994982577514
CHI3L2	1.96554461391643	4.22809392517376e-05	0.000428719631337511
PKN2	-0.0850907594176518	0.432433692769065	0.499994982577514
SPEN	-0.241420764994663	0.314604130180978	0.499994982577514
KDM4A	0.00361226068922556	0.497117858038107	0.499994982577514
NFYC	0.0205998600200254	0.483568338430199	0.499994982577514
ASPM	-0.909357952186838	0.0344773920057724	0.124567741997867
EVI5	2.07880101045594	1.60802832078755e-05	0.000207722014589405
RRP15	-0.0726704827076575	0.442220836182973	0.499994982577514
IARS2	-0.136828104441929	0.392174416851095	0.499994982577514
NUCKS1	0.0432818025888717	0.465509198064337	0.499994982577514
TGFBR3	-0.0811393176186672	0.435543219140369	0.499994982577514
EIF2B3	0.144410126172125	0.386359466569149	0.499994982577514
CDC42	1.26707035491709	0.00563617287629714	0.02530910010642
PTGS2	0.0655647883402207	0.447836402180748	0.499994982577514
ENO1	0.0321925265203947	0.474331815638625	0.499994982577514
EIF4G3	-0.0783838940880375	0.437713930108647	0.499994982577514
RASAL2	0.157572751979198	0.376325590135843	0.499994982577514
PLXNA2	0.0642899305717316	0.44884505124492	0.499994982577514
RAP1GAP	0.00897606465996056	0.492838521258753	0.499994982577514
UBE2T	2.41536362853367	6.80176228118334e-07	3.26690164647222e-05
USP33	0.0679288816055271	0.445966862942956	0.499994982577514
CAPZB	-1.006973297894	0.0220075703520407	0.0826818280556749
GNB1	1.14107667927165	0.0112401438357499	0.0464888405136498
NRDC	0.0284882953530659	0.477281921375863	0.499994982577514
SDF4	-0.0367234642740975	0.470725237413124	0.499994982577514
CDC14A	0.0185230564865609	0.485224119059949	0.499994982577514
MAGI3	-1.15522240148857	0.010431770542403	0.0433355049404669
PTPRC	0.139973682729268	0.389758943534268	0.499994982577514
CACNA1S	-0.0727292059474465	0.442174474483853	0.499994982577514
JMJD4	1.33377241468988	0.00382038474738022	0.0179234966008933
DUSP12	0.0335848119752074	0.473223333534688	0.499994982577514
TRAF5	0.103850609869762	0.417731132617008	0.499994982577514
PLOD1	0.0920728568290646	0.426949572653525	0.499994982577514
SMAP2	-0.875749417836778	0.0399300108355605	0.141026218044695
PPIE	-0.104311893856786	0.417370969627835	0.499994982577514
COL16A1	-0.00901863866107067	0.492804557619903	0.499994982577514
TTC39A	0.0623518161999544	0.450379090806496	0.499994982577514
RAD54L	-0.8407844892703	0.0463262251191092	0.15714255499036
MAST2	-0.0542828814573857	0.456773458716049	0.499994982577514
ALG6	0.0580996497681682	0.453747295941123	0.499994982577514
ASAP3	0.0768178737834591	0.438948474536209	0.499994982577514
SLC9A1	0.0463767588540167	0.463049689621143	0.499994982577514
PABPC4	-1.03884457615204	0.018868999406157	0.0720383256680409
USP48	-0.109978089864786	0.41295264121205	0.499994982577514
FH	0.151270700980493	0.381119688509613	0.499994982577514
TBX15	0.0257921437532031	0.479429969711943	0.499994982577514
PHGDH	0.00884402291595863	0.492943858600813	0.499994982577514
CLSPN	-0.0120896537539089	0.490354791760801	0.499994982577514
TGFB2	1.90194437243044	7.12210868284435e-05	0.000627677428777778
GPATCH2	0.0611996898040387	0.451291364909171	0.499994982577514
SUCO	-0.0217139845746521	0.482680191285438	0.499994982577514
ACOT7	-0.0182756706331922	0.485421370811812	0.499994982577514
SH3GLB1	0.093334632857116	0.425959977448149	0.499994982577514
CDC7	1.02620876189321	0.0200645514625526	0.0759874378682213
PALMD	0.139211637593427	0.390343727286092	0.499994982577514
DVL1	1.21888779008295	0.00738897265234029	0.0325598187437238
BCL9	0.0650348560726305	0.4482556363621	0.499994982577514
DHCR24	-1.83844043796416	0.000118051614042436	0.000993952428946581
TNR	-0.11107888794479	0.412095531366797	0.499994982577514
CACYBP	-0.0860792586877842	0.431656454616569	0.499994982577514
SCP2	-0.113173868085377	0.410465486765418	0.499994982577514
PAPPA2	-0.14592139995024	0.385203409706541	0.499994982577514
RALGPS2	0.00799825532411612	0.493618587719535	0.499994982577514
WRAP73	0.065320433964919	0.448029705913424	0.499994982577514
ERRFI1	0.120096537559849	0.405090290912229	0.499994982577514
PARK7	0.104475108716773	0.417243550722059	0.499994982577514
ELAPOR1	-0.100320864683985	0.420489363100363	0.499994982577514
MECR	0.184848190167275	0.355804364547554	0.499994982577514
EDEM3	-1.18192597010639	0.00904301953184361	0.0384124658492276
RAP1A	0.0105513812456069	0.49158184061865	0.499994982577514
RNF19B	-0.0422255881868856	0.466348859855915	0.499994982577514
SCAMP3	-1.20562913857866	0.00794879301882989	0.0348230670043263
TRIM62	-2.11294782273471	1.18996135314298e-05	0.000165143987965167
SFPQ	0.0119160957997006	0.490493231076798	0.499994982577514
RHOU	-2.31467727653217	1.83403629572254e-06	4.62451215671952e-05
ARHGEF2	2.14067206170876	9.28839132530168e-06	0.000139031000313643
MEF2D	-0.0485435235846668	0.461328633563477	0.499994982577514
C1orf21	-0.0504217130687903	0.459837376727305	0.499994982577514
MAD2L2	-1.97691013140138	3.84565978268636e-05	0.000398511777480576
DNAJC6	-0.0382333726873818	0.469523884918045	0.499994982577514
LEPR	-0.0512650257877801	0.459167980413203	0.499994982577514
IVNS1ABP	0.27018910003448	0.294468119342686	0.499994982577514
PDC	-1.82031088285148	0.000135990220788917	0.00109662876835746
SLC35D1	0.0137256218558607	0.489049913528596	0.499994982577514
PLA2G4A	-0.149362506731629	0.382574935018184	0.499994982577514
GADD45A	2.32157624491956	1.71566452034089e-06	4.6224904076613e-05
WLS	0.0124702386197007	0.490051220548748	0.499994982577514
PRDM2	-0.0996639134884037	0.421003156559657	0.499994982577514
RGS2	-0.00018226143047082	0.499854576421818	0.499994982577514
RPE65	-2.45314470315352	4.64077719586342e-07	3.26690164647222e-05
AMPD1	-2.31853696652688	1.76688019448701e-06	4.62451215671952e-05
CTH	-0.202467784541911	0.342762436059618	0.499994982577514
AGMAT	2.20977130082902	4.94550112961623e-06	9.3272151304562e-05
ZBTB17	0.0179516441117938	0.485679736968129	0.499994982577514
CD58	0.0567620594423535	0.454807521288933	0.499994982577514
TFAP2E	-0.0492877353553475	0.460737673340425	0.499994982577514
CD2	6.28840653511241e-06	0.499994982577514	0.499994982577514
TTF2	0.112288964337997	0.411153818337599	0.499994982577514
KIF21B	0.143985574297619	0.386684411842838	0.499994982577514
TMEM9	-0.109711376840582	0.413160373499229	0.499994982577514
MAP7D1	-0.0117319560250177	0.49064011228326	0.499994982577514
WARS2	0.12014984009197	0.405048971462662	0.499994982577514
MRPS15	-0.0469729580566301	0.46257605965835	0.499994982577514
MYCL	-2.34838454620913	1.32154478693636e-06	3.77641434569995e-05
SIPA1L2	-0.00861072982370895	0.4931299712021	0.499994982577514
KMO	-1.98832078690175	3.4947696804899e-05	0.000370288517831682
AKT3	-0.0444684004884738	0.464566068235877	0.499994982577514
ETV3	-0.00294448790882381	0.497650652137331	0.499994982577514
ST6GALNAC5	-0.0413868849057924	0.467015713097575	0.499994982577514
ADGRL2	-1.82685396589804	0.000129240140140929	0.00105976914915562
PADI2	-0.0480992841653982	0.461681433924808	0.499994982577514
MFAP2	-0.0433169032600729	0.465481296598343	0.499994982577514
RPF1	0.0696862576552103	0.444577894985365	0.499994982577514
KDM5B	-0.105636841317091	0.416336858816456	0.499994982577514
UAP1	-0.00406984751512149	0.496752767360271	0.499994982577514
ACTL8	-0.155154482234759	0.378163007371564	0.499994982577514
PLA2G2D	0.116716954923568	0.407712242068869	0.499994982577514
GBP1	-0.0273645701374081	0.478177126782684	0.499994982577514
CDK18	2.13472409045789	9.7978583616376e-06	0.000142144314384989
ECE1	1.53220809637569	0.0010904763520404	0.00627023902423232
GALE	2.25549933789298	3.2261561840885e-06	6.92221619036573e-05
CD46	-2.27352222045884	2.72022568370556e-06	6.10755433270081e-05
PRPF3	-0.0533492329950437	0.457514099811585	0.499994982577514
SLC2A1	-2.4209940250963	6.4273248201463e-07	3.26690164647222e-05
B4GALT2	-0.0175525870242127	0.485997937831416	0.499994982577514
ERI3	-0.107178238415068	0.415134539624148	0.499994982577514
AKR1A1	0.0163206882467382	0.486980286863382	0.499994982577514
PRDX1	-0.878332263533957	0.0394875036346942	0.139987653862845
PIK3R3	-1.07067853328772	0.0161226271959661	0.0630311939852292
SLC19A2	0.143242192773099	0.387253575532693	0.499994982577514
NSUN4	-0.821248915791512	0.0502434375872082	0.167418945741121
CNN3	0.0454650297580283	0.463774082543051	0.499994982577514
PRRC2C	0.00848980586784873	0.493226440453075	0.499994982577514
VAMP4	0.0895565582264545	0.428924441556576	0.499994982577514
DPH5	-0.0229778138946267	0.481672808205725	0.499994982577514
FASLG	2.32361530179624	1.68210506679145e-06	4.6224904076613e-05
PTBP2	-0.174505586133669	0.363540461040708	0.499994982577514
TNFSF4	0.168945892131337	0.367722369516888	0.499994982577514
HSD11B1	0.0864777978518578	0.431343165510772	0.499994982577514
UTP25	-0.0150775988885748	0.487971639630539	0.499994982577514
SYF2	-0.144900713013917	0.385984078425433	0.499994982577514
RSRP1	0.0643008700041982	0.448836394707825	0.499994982577514
RCOR3	0.0483193863814768	0.461506632184995	0.499994982577514
STMN1	-0.000635562642138871	0.499492894516974	0.499994982577514
MAN1C1	0.0151455892862424	0.487917415912742	0.499994982577514
RPS6KA1	1.78507806549314	0.000178384258817998	0.00134573084852298
ARID1A	0.0368806732630242	0.470600142104151	0.499994982577514
CENPF	0.0294654339719516	0.476503585852215	0.499994982577514
PPP1R8	-0.0279259373342575	0.477729904697485	0.499994982577514
STX12	-0.133623665489315	0.394639368032177	0.499994982577514
OSBPL9	0.0700748818440034	0.444270831408897	0.499994982577514
KIF14	2.1673384136986	7.29872054805458e-06	0.00011665582164094
SGIP1	1.77601797296666	0.000191131317653914	0.00141918765785544
CASQ2	-0.159458816200624	0.374894486611877	0.499994982577514
RAB3GAP2	0.0204958580587634	0.483651249946774	0.499994982577514
C1orf198	-1.9067992385244	6.84789580194245e-05	0.00060920431521054
TRIM67	0.0252611703364455	0.479853073426654	0.499994982577514
MRPS14	-2.39735233613756	8.14573286378462e-07	3.26690164647222e-05
SEC16B	-0.0959170444380363	0.423936083889077	0.499994982577514
GORAB	0.10857748536799	0.414043787728235	0.499994982577514
TAF12	0.0403774904715714	0.46781840554175	0.499994982577514
UBIAD1	2.21595235830173	4.67021474026552e-06	8.98778061238855e-05
TARDBP	0.181522844615395	0.35828537713509	0.499994982577514
TNFRSF8	0.0128821428602383	0.489722674126446	0.499994982577514
ECHDC2	-0.200092923773151	0.344509818832014	0.499994982577514
LHX4	0.033377719743357	0.473388199186112	0.499994982577514
GJA8	0.117132512735879	0.407389618062843	0.499994982577514
ZCCHC17	1.55274024752434	0.000949850746882142	0.00559818283943662
KHDRBS1	2.37080310415477	1.0601522650866e-06	3.44732271026436e-05
TMEM39B	-0.115085556562711	0.408979403825993	0.499994982577514
TMEM54	-0.0705821394760121	0.443870082354886	0.499994982577514
ZSCAN20	-0.105405578207719	0.416517316308948	0.499994982577514
LRIF1	-0.0645743723142491	0.448619976152425	0.499994982577514
TMIGD3	1.4989245506702	0.00135946130233378	0.00754101181235735
GPSM2	-0.120122205073999	0.405070393647399	0.499994982577514
RPL5	0.203697216698315	0.341859157387153	0.499994982577514
PTGFR	0.0107774744885547	0.491401485340622	0.499994982577514
SPATA1	-0.00841081005055806	0.493289460995046	0.499994982577514
RWDD3	2.18191756203305	6.39009568470517e-06	0.000107604646976375
ZNF644	2.41037845951505	7.15072691059859e-07	3.26690164647222e-05
CDKN2C	-0.013208803695591	0.48946212519174	0.499994982577514
RNF11	0.14767874235521	0.383860403786084	0.499994982577514
ATPAF1	-0.0217030210092103	0.482688930704092	0.499994982577514
BATF3	-1.39148140242323	0.00269324904792267	0.0134377452496883
MIR9-1HG	0.0385667890443402	0.469258640554761	0.499994982577514
ATG4C	-0.0351512873529092	0.47197641663051	0.499994982577514
HNRNPR	1.94468023115769	5.02543692373347e-05	0.000478685557482895
PSMB2	-0.106813120068717	0.415419267531446	0.499994982577514
ST3GAL3	0.0428365903266693	0.465863111229863	0.499994982577514
TMEM53	-1.79873638034333	0.000160662067220541	0.00123174251535748
DNAJC8	1.63418530165218	0.000540843128778112	0.00349325390710795
AHDC1	-0.0234365277305922	0.48130720155474	0.499994982577514
IFI6	1.52169304450508	0.00116965993615004	0.00664451397463544
HIVEP3	0.125023660407872	0.401275376974605	0.499994982577514
EDN2	-0.0271763715111397	0.47832706438337	0.499994982577514
PLA2G5	0.0947951995875196	0.424815055554667	0.499994982577514
UBR4	1.67845739261247	0.000394087001868715	0.00263563150895176
MACF1	-0.0466116096375502	0.462863114198425	0.499994982577514
CEP85	-0.026935139515318	0.478519258083552	0.499994982577514
SESN2	-0.0390965408130861	0.468837232615903	0.499994982577514
ATP5IF1	0.134870701199171	0.393679603115256	0.499994982577514
MED18	1.11337331463583	0.012982106068253	0.0520941532866493
THEMIS2	0.024422585110345	0.480521342241422	0.499994982577514
UBE4B	-0.0942371707863923	0.42525241376157	0.499994982577514
CAP1	-0.0729217276509575	0.44202248513623	0.499994982577514
PPT1	0.0998068908554848	0.420891324230469	0.499994982577514
FMO5	-2.18347573096398	6.29963561094016e-06	0.000107604646976375
PIAS3	0.12488636888101	0.401381551874283	0.499994982577514
SPATA6	-0.138063704952533	0.391225104356236	0.499994982577514
ZRANB2	0.204996069363639	0.340905857147647	0.499994982577514
KHDC4	-1.79994358110707	0.000159177649841968	0.00123036494918833
APCS	-0.00267174641382579	0.497868264930575	0.499994982577514
NASP	0.0703607778798261	0.444044957757039	0.499994982577514
PATJ	-1.46896832690109	0.00165202263097364	0.00890204194861794
KANK4	-0.109615624155886	0.413234957434975	0.499994982577514
CPLANE2	-1.17793310042471	0.00923978624722666	0.0390722799602455
CHRM3	-0.119849585655778	0.405281738707913	0.499994982577514
DSTYK	-1.044646684709	0.0183406614486388	0.0703058688864486
LGR6	2.01090955196414	2.88752016499583e-05	0.000320344884187184
EPHB2	-0.103387372296475	0.418092890393532	0.499994982577514
SRRM1	1.47080819332041	0.0016325206077672	0.00889865279262697
REG4	0.00465639394508634	0.496284788864427	0.499994982577514
GSTM3	-0.101759611982611	0.419364610770273	0.499994982577514
VAV3	-0.0383283959886278	0.469448289178117	0.499994982577514
PSRC1	0.0872755411671399	0.430716194491229	0.499994982577514
PTPN22	0.0969545013970117	0.423123567143474	0.499994982577514
SORT1	0.0383846665027094	0.4694035237177	0.499994982577514
WNT2B	-0.185155566306746	0.355575339940653	0.499994982577514
PTGFRN	-0.00539967368261657	0.495691767477348	0.499994982577514
LAMTOR5	2.38077532150783	9.60555369355909e-07	3.28290897248982e-05
NOTCH2	1.13329832486343	0.0117074384728815	0.0482101068992455
CD101	-0.0190816474104282	0.484778743026677	0.499994982577514
NGF	-1.55713310551364	0.000922015148561717	0.00553796359932292
NAV1	2.1560888347216	8.08272245167441e-06	0.000127033454532149
CDC73	0.0573751697483578	0.454321506138927	0.499994982577514
PUM1	0.00458035797250989	0.496345454204988	0.499994982577514
SPOCD1	0.0157412540175875	0.487442370898098	0.499994982577514
PHC2	0.0431565372868771	0.465608772628848	0.499994982577514
GNL2	2.48183539691381	3.45865777240384e-07	3.26690164647222e-05
TUT4	0.130997822575155	0.396662399812033	0.499994982577514
PCNX2	0.0470393399873943	0.462523328085423	0.499994982577514
URB2	-0.12426702705746	0.401860612530002	0.499994982577514
EGLN1	-1.18901692240033	0.00870261415209583	0.0374729002074264
ABCB10	0.120445893700982	0.404819493723086	0.499994982577514
NTPCR	-1.53979595513083	0.0010364220097987	0.00599598745546118
GLUL	-1.99950051177293	3.18052025241045e-05	0.000340821658866256
KIAA1614	1.94476894808467	5.02176424205247e-05	0.000478685557482895
CEP350	1.06608597582672	0.0164963566785449	0.0640167257113902
NPL	0.00437220075778579	0.496511532976037	0.499994982577514
NIBAN1	0.0348012303661307	0.472255039155929	0.499994982577514
PIGC	0.245959354887041	0.31138840560286	0.499994982577514
LAMC1	-0.081838032439967	0.434993080435091	0.499994982577514
RC3H1	-1.20292516171467	0.00806743690699496	0.0350580322732546
IL10	0.0273695272430415	0.478173177504732	0.499994982577514
RPS6KC1	2.07423083498143	1.67358437180853e-05	0.000211976198199103
BCAR3	0.0446041052961866	0.464458220143616	0.499994982577514
FNBP1L	-0.0812384723790597	0.435465141225378	0.499994982577514
KYAT3	0.221205548033514	0.329095875501875	0.499994982577514
GTF2B	-0.012370597157743	0.490130698407359	0.499994982577514
BRDT	-0.0477335506030052	0.461971910156943	0.499994982577514
IFI44L	-0.0166261491486608	0.48673669657339	0.499994982577514
ARHGAP29	0.0862563383626431	0.431517248089729	0.499994982577514
IFI44	1.36380596391391	0.0031897305299321	0.0156662285923228
SLC44A5	-0.162561673921129	0.372543859512686	0.499994982577514
DNASE2B	-0.00046207678264578	0.499631316121701	0.499994982577514
DBT	0.0760242167662055	0.439574367637766	0.499994982577514
IL19	0.00389909128725626	0.496889006791542	0.499994982577514
SLC2A5	0.0735072141614441	0.441560315954895	0.499994982577514
RERE	-0.014647262699887	0.488314846564134	0.499994982577514
FHAD1	-0.00578873353812826	0.495381362062191	0.499994982577514
PADI1	0.0482369466104533	0.461572103693414	0.499994982577514
EPHA2	0.837275586556643	0.0470111630449939	0.158326881255104
ARHGEF19	-2.19656080461573	5.58672916484149e-06	0.000101313184662414
PEX14	1.56769833131693	0.00085810940489639	0.00518716133857241
PGD	-0.00709621812499963	0.494338227189276	0.499994982577514
SH3BGRL3	-0.0758920653730951	0.439678599467357	0.499994982577514
C1orf216	-1.9245296966983	5.92861288041258e-05	0.000542784654973695
KIAA0319L	-0.063073195397082	0.449808023100833	0.499994982577514
EVA1B	0.0586807720012995	0.453286778431907	0.499994982577514
DMRTA2	-0.0416322656183652	0.466820601150573	0.499994982577514
MAP3K6	-0.078488780950532	0.437631265926972	0.499994982577514
GPN2	-1.01211668963078	0.021473072326891	0.0809964288170328
SYTL1	-0.123671423510935	0.402321450778074	0.499994982577514
WDTC1	-1.35997321011964	0.00326462474849099	0.0157873904503949
NBPF3	-0.893531506927684	0.0369636522615342	0.131656899301569
HSPG2	0.0189128811680665	0.484913301846651	0.499994982577514
PRKACB	0.00510063315749732	0.495930354138618	0.499994982577514
AZIN2	-1.43483202382922	0.00205454060439714	0.0106783774023652
DMRTB1	0.180938204244287	0.358722195077204	0.499994982577514
LMO4	-0.0825327957109945	0.434446177763768	0.499994982577514
IGSF3	-1.5971760463668	0.000700725390302748	0.00440522695370327
ZNF697	0.00315731875532431	0.497480840853368	0.499994982577514
CTTNBP2NL	-0.083520580530672	0.433668831022318	0.499994982577514
CD53	-0.00687636490165125	0.494513627557603	0.499994982577514
GPR161	0.0746771687012467	0.440637020495711	0.499994982577514
POGK	-1.54857483662199	0.000976955961998427	0.00572217063456221
GPA33	1.94914304972626	4.84379600168561e-05	0.000475802044748909
UCK2	0.0152764106747895	0.487813083837635	0.499994982577514
POU2F1	0.0988596845178799	0.421632317286837	0.499994982577514
ILDR2	-0.0073458334672174	0.494139083732691	0.499994982577514
DPT	-0.138702655355974	0.390734452114824	0.499994982577514
ADCY10	-0.130667590437536	0.396917019265388	0.499994982577514
NECTIN4	-1.80618439472746	0.000151706320657086	0.00118230628412919
UFC1	-0.0527108125374458	0.458020628673083	0.499994982577514
NUF2	-0.00214270650416246	0.498290372794815	0.499994982577514
USP21	0.0670498070996282	0.446661902356375	0.499994982577514
PRCC	-2.27474030803423	2.68892436816603e-06	6.10755433270081e-05
FCRL5	-0.111387978331285	0.411854940792734	0.499994982577514
ABL2	0.06071059948785	0.451678713375185	0.499994982577514
RGS16	0.0275456968739591	0.47803282626384	0.499994982577514
HMCN1	0.115734706941474	0.408475072229074	0.499994982577514
RGL1	-0.168248085947826	0.368248368919045	0.499994982577514
TUFT1	2.23816677338909	3.79679100570574e-06	7.6178168476181e-05
ECM1	-1.83509943161625	0.000121180921273667	0.00101127087399175
SNX27	-1.57786125172861	0.000800505501764359	0.00487017218170188
MCL1	-0.0832552825764212	0.43387758472307	0.499994982577514
RFX5	2.11286302276421	1.19085802562369e-05	0.000165143987965167
PI4KB	-0.0871926869997213	0.430781304032925	0.499994982577514
ANP32E	-0.0453397511229793	0.463873629178031	0.499994982577514
MINDY1	0.118753427862908	0.406131800623082	0.499994982577514
ENSA	-0.0290145311790079	0.476862739555596	0.499994982577514
SEMA6C	0.0828546144965436	0.434192891394701	0.499994982577514
ARNT	-0.0291227708779169	0.476776522598651	0.499994982577514
GOLPH3L	-0.157636240474791	0.376277388690354	0.499994982577514
KCNH1	-0.0848815696948922	0.432598208295033	0.499994982577514
DTL	-0.108851986195719	0.413829884197123	0.499994982577514
VASH2	-0.0484290571117174	0.461419536178776	0.499994982577514
SMYD2	-0.0336311209009573	0.473186467731463	0.499994982577514
SUSD4	-0.0153357890661644	0.487765728929441	0.499994982577514
DUSP10	-2.00248896710109	3.10116352619794e-05	0.000336137609793638
HHIPL2	1.45726453375537	0.00178112816792042	0.00943597675476942
TP53BP2	-0.138599833728542	0.390813397479353	0.499994982577514
S100A8	-0.041482430070778	0.466939740398608	0.499994982577514
TPM3	0.0349081528106831	0.472169934418687	0.499994982577514
SLC27A3	0.162844226581541	0.372330040680656	0.499994982577514
HAX1	0.00885218957136163	0.492937343572743	0.499994982577514
ILF2	1.51551243469585	0.00121862586215027	0.00686343669375758
RIT1	-2.14258096844424	9.13030643512336e-06	0.000138869015618086
INTS3	2.47770296072122	3.60897203788291e-07	3.26690164647222e-05
ACTA1	-0.0690560171665183	0.445075937451945	0.499994982577514
GALNT2	-1.72240678430535	0.000285726692871857	0.00198117846601589
LYST	-0.110941875989944	0.412202189661645	0.499994982577514
CEP170	0.0133869316429452	0.489320049909614	0.499994982577514
SRP9	0.178533905173155	0.360520520883102	0.499994982577514
NVL	0.242216335525159	0.314039418303488	0.499994982577514
DEGS1	-0.107682890211841	0.414741073634131	0.499994982577514
FBXO28	1.93997816238552	5.22376114902023e-05	0.000487723441933275
ARF1	0.138852173874429	0.390619661404886	0.499994982577514
ITPKB	-0.0195656817284544	0.484392827844682	0.499994982577514
CDC42BPA	-0.0218174797706211	0.482597692270985	0.499994982577514
CNIH3	-1.15691217239946	0.0103386797001606	0.0431388272444753
PARP1	0.0597832724111443	0.452413261457722	0.499994982577514
EPHX1	0.139742941081576	0.389935985468439	0.499994982577514
ETNK2	0.0687619761239963	0.445308330727923	0.499994982577514
ZMYM4	0.0320188014296969	0.474470142743605	0.499994982577514
NEK7	-0.0301869925777261	0.475928888845257	0.499994982577514
RABGAP1L	0.049834868555795	0.460303263580355	0.499994982577514
PTPN14	-0.0549536917916756	0.456241413384956	0.499994982577514
UHMK1	1.45793204987422	0.00177352483128701	0.00943597675476942
TADA1	0.862701139273122	0.0422275004882453	0.147483455408946
DYNLT5	0.0442013088178811	0.46477834043557	0.499994982577514
MR1	1.0981967710657	0.0140318937458099	0.0554123310732648
HNRNPU	-2.1064019135898	1.26110053769724e-05	0.000172350406818622
LINC00467	0.0931032901484882	0.426141381937804	0.499994982577514
DDAH1	0.133491258537547	0.394741311008495	0.499994982577514
AK5	-0.0869271763875442	0.430989963709487	0.499994982577514
MIA3	0.00554869546651026	0.495572872423193	0.499994982577514
DISP1	0.00490669131919192	0.496085089587822	0.499994982577514
ENAH	-0.0578355728360897	0.453956587566904	0.499994982577514
CCSAP	1.37737507894635	0.00293684844605924	0.0144997281918003
DIPK1A	-0.000243278000660164	0.499805892246949	0.499994982577514
MOV10	0.0655511882812969	0.447847160583203	0.499994982577514
PPM1J	0.147684227897655	0.38385621376825	0.499994982577514
SPAG17	-0.190915278827921	0.351293525630774	0.499994982577514
GPR61	-0.0702439473312409	0.444137258148534	0.499994982577514
MFSD14A	2.18822619607672	6.03132615850654e-06	0.000105324825323549
SHCBP1L	-0.166315703066738	0.369706266704278	0.499994982577514
NMNAT2	-0.075053344179229	0.440340221614335	0.499994982577514
ZFYVE9	-1.55319668496959	0.00094692298434329	0.00559818283943662
LRP8	-0.0722569699859602	0.442547324745013	0.499994982577514
CDCP2	-0.218883459914707	0.330777626627691	0.499994982577514
SSBP3	0.0213418550286554	0.482976832612863	0.499994982577514
PANK4	-1.32296281885356	0.00407338616567077	0.0189221830257514
PEX10	0.152049119383216	0.380526524301625	0.499994982577514
SKI	-1.79661242177244	0.000163305261095315	0.00124191017107163
LDLRAP1	1.12247798549943	0.0123854796096627	0.0501866063642581
EXTL1	0.00983954210058388	0.492149687969465	0.499994982577514
GRHL3	-0.0593770984233153	0.452735048714037	0.499994982577514
UBXN11	1.57973802129272	0.000790265471350082	0.0048390931135268
EYA3	0.00530704154986666	0.495765672989643	0.499994982577514
CD1D	-0.0557023625844656	0.45564770662236	0.499994982577514
CD1C	0.043839703617272	0.465065743612156	0.499994982577514
PPP1R15B	0.0152608158642419	0.48782552089593	0.499994982577514
TAGLN2	-0.0164617581749564	0.48686778981194	0.499994982577514
ELK4	1.49299610403832	0.00141329922654532	0.00779380801539318
SLAMF8	2.40619345630985	7.45691330794607e-07	3.26690164647222e-05
SLC45A3	-0.0470786972984042	0.462492064272356	0.499994982577514
NBL1	-0.154593692401752	0.378589494778614	0.499994982577514
DEDD	-1.52684067578521	0.0011302602325074	0.00645960848033015
CDA	0.0890356305470676	0.429333505808791	0.499994982577514
PINK1	-0.207138785092921	0.339335419244199	0.499994982577514
B4GALT3	-0.0250065120073019	0.480056004823961	0.499994982577514
FCER1G	-0.118165042665332	0.406588271656043	0.499994982577514
CACHD1	-1.19995753124822	0.00819943825397884	0.0354682122637709
EPB41	1.46448227376677	0.00170046605013974	0.00911101980273734
CSRP1	0.033450284734065	0.473330429842984	0.499994982577514
CCDC24	0.142933808040023	0.38748975888452	0.499994982577514
CYB5R1	-0.0867317850878684	0.431143530276852	0.499994982577514
PSMD4	0.0950651724971886	0.424603495950621	0.499994982577514
ATP13A2	-0.0585011508633235	0.453429114748529	0.499994982577514
PSMB4	0.0320957522525629	0.474408870933945	0.499994982577514
BTG2	2.46001382968389	4.32659915672318e-07	3.26690164647222e-05
THEM4	-0.0278543083293069	0.47778696753183	0.499994982577514
BSDC1	-1.4277169523295	0.00214890337207652	0.0110131297818921
ZBTB8A	-0.130382115364487	0.397137165026115	0.499994982577514
SSU72	-0.844657724350691	0.0455794971928594	0.15516774676125
UBE2J2	0.017100737371791	0.486358245277554	0.499994982577514
ZNF362	2.38621587392408	9.10073994830896e-07	3.28290897248982e-05
S100A1	1.58362083660904	0.00076946184296034	0.00474250011706928
ZBTB7B	-0.0318880786734009	0.474574231640955	0.499994982577514
SHC1	0.161834393588343	0.373094402020301	0.499994982577514
ADAR	0.0714188601488617	0.443209173010224	0.499994982577514
FDPS	0.296586536983324	0.276532665280958	0.499994982577514
SLC25A44	-0.0795077604559211	0.436828322751927	0.499994982577514
LMNA	0.0814365914679913	0.435309142886039	0.499994982577514
BEND5	0.209803081013037	0.337386593053733	0.499994982577514
CZIB	0.030098005515257	0.475999761346046	0.499994982577514
ACOT11	-0.108307514183923	0.414254186430287	0.499994982577514
PARS2	-0.100632250180328	0.420245879586019	0.499994982577514
USP24	-1.43141319805291	0.00209940274736664	0.0108182338293265
PRKAA2	0.130912436085341	0.396728231285478	0.499994982577514
KLHL21	-0.866050988063216	0.0416277037104811	0.145929087728564
ZSWIM5	-0.213836832761242	0.334444362658089	0.499994982577514
SLC45A1	-0.0700354108866634	0.444302017067978	0.499994982577514
SELENON	-0.000905647529298544	0.499277398213961	0.499994982577514
JAK1	0.822041072743014	0.050079617732817	0.167418945741121
RAVER2	-1.24421150628477	0.00641555071865563	0.0285370958853408
FBLIM1	0.850170208490454	0.04453345611834	0.153266602626258
PDPN	0.0143289764040456	0.488568695690134	0.499994982577514
DHRS3	-0.0391222119127056	0.468816812604089	0.499994982577514
PEF1	-1.98597053464036	3.5644678912039e-05	0.000373477024600587
RBBP4	-1.92221913924441	6.04144453246747e-05	0.000547796364818925
TMCO4	0.0314794804707843	0.474899591939557	0.499994982577514
ALPL	0.0396326577938989	0.468410796810196	0.499994982577514
FAAP20	-0.022560371103596	0.482005534183832	0.499994982577514
IL23R	-0.192495043034056	0.350122380336065	0.499994982577514
NFIA	2.06148783797398	1.87004603193763e-05	0.000232033343173314
OMA1	-0.14696577739724	0.384405102675436	0.499994982577514
MYSM1	0.0761863446891932	0.439446498128218	0.499994982577514
TM2D1	-0.024361498187128	0.480570024590574	0.499994982577514
USP1	0.0269676607418008	0.478493347568058	0.499994982577514
NEXN	-2.46600860017352	4.06923741258503e-07	3.26690164647222e-05
ADGRL4	-0.0535588006696314	0.45734784182923	0.499994982577514
TYW3	0.0562451973173495	0.455217292687416	0.499994982577514
LHX8	-0.0178326123419918	0.485774649791264	0.499994982577514
SNX7	1.2233922271058	0.00720685047059211	0.0319063849472693
NTNG1	-0.00720614721063666	0.49425052543973	0.499994982577514
HENMT1	0.12109098069263	0.404319585898963	0.499994982577514
AKNAD1	-0.0614896900799703	0.451061713128164	0.499994982577514
C1orf52	2.4357731000986	5.53641314571252e-07	3.26690164647222e-05
ZNF326	0.0898599605537552	0.428686226652031	0.499994982577514
BRINP3	-0.913892573839985	0.0337909015630703	0.122557000669136
KCNT2	0.0121258849819009	0.490325891897945	0.499994982577514
AGL	-2.04256847861689	2.2025412919513e-05	0.000262910941558237
VCAM1	0.102914071931376	0.418462578123771	0.499994982577514
EXTL2	1.76214311446529	0.000212312644457424	0.00152832689865153
SLC30A7	2.02216125486884	2.62373220180079e-05	0.000301567671662281
ZNF281	0.903926799912006	0.0353146445037605	0.126622470597134
IGSF8	-0.0720153544943125	0.442738110094439	0.499994982577514
DDR2	1.1222473283764	0.0124002961642334	0.0501866063642581
OLFML2B	-0.102920880604827	0.418457259460854	0.499994982577514
C1orf74	1.75483122381847	0.000224337945611386	0.00160265668720861
FLVCR1	-2.05028548333794	2.06066010912664e-05	0.000252363958819016
ATF3	0.0836207703944837	0.433589999925073	0.499994982577514
RBM15	0.11149717984954	0.411769948148421	0.499994982577514
IER5	-0.0412944852927091	0.467089185755257	0.499994982577514
BPNT1	2.04522477833088	2.15268923288159e-05	0.000260254608539402
C1orf115	-0.00879313317770513	0.492984456422392	0.499994982577514
NBPF20	0.224190369331262	0.326939220149239	0.499994982577514
ACP6	0.204131317075049	0.341540434397401	0.499994982577514
KIF26B	-2.38829121449962	8.91497423993748e-07	3.28290897248982e-05
MAPKAPK2	-0.0356906656122387	0.471547133614425	0.499994982577514
IL24	0.153328049216229	0.379552574531234	0.499994982577514
FCAMR	-0.00382440966102368	0.496948592330794	0.499994982577514
CAPN2	0.159741324232643	0.374680273524998	0.499994982577514
DISC1	-0.0333585393309883	0.473403468899544	0.499994982577514
COQ8A	0.0604985923915378	0.451846632515042	0.499994982577514
PYGO2	0.0224241239250251	0.482114133766805	0.499994982577514
INAVA	0.322906949548006	0.259199942771177	0.499994982577514
YY1AP1	0.092045256677252	0.426971224271405	0.499994982577514
ELF3	-0.120653906921592	0.404658277619713	0.499994982577514
TMEM183A	-0.0603881169163268	0.451934137468231	0.499994982577514
TMEM79	-1.04879396227188	0.0179707813625245	0.0691691707137168
SSR2	-0.190100064667961	0.35189843162128	0.499994982577514
NUAK2	-0.180440994496324	0.35909383413706	0.499994982577514
SMIM12	-0.112182260635522	0.411236837448881	0.499994982577514
MEAF6	-0.034792960655914	0.472261621470485	0.499994982577514
SNIP1	0.123890214863198	0.402152148828638	0.499994982577514
GNG4	-1.72685661350843	0.000276462501209607	0.00193475852305579
COA6	0.0162380715558193	0.487046170515464	0.499994982577514
MFSD2A	-0.00646069097530627	0.494845257860189	0.499994982577514
SERINC2	-0.0705237097025143	0.443916240747362	0.499994982577514
NDUFS5	0.136219726875099	0.392642069921506	0.499994982577514
AHCYL1	-0.109651318808332	0.413207153695166	0.499994982577514
GSTM4	-0.0228433518546891	0.481779980823306	0.499994982577514
RAB3B	-0.0347828080610269	0.472269702486267	0.499994982577514
THBS3	0.0532128619506733	0.457622292127065	0.499994982577514
SLC50A1	-1.34391991267912	0.00359579421612488	0.017125423968716
PTAFR	0.0513814526116594	0.459075573346998	0.499994982577514
CLIC4	-1.44232325495686	0.00195926689495984	0.0103217244801516
CRCT1	-2.29304409804754	2.25813940468722e-06	5.46006527851295e-05
LUZP1	-0.0624584544634111	0.450294665918869	0.499994982577514
OTUD3	1.70028046432417	0.000336238737362882	0.00229763137197969
TAS1R3	0.137607911136477	0.391575215880643	0.499994982577514
IFFO2	-0.156126578615704	0.377424068268829	0.499994982577514
SLC30A1	2.46660170163959	4.04459192804296e-07	3.26690164647222e-05
S1PR1	-0.0156790316952238	0.487491992628232	0.499994982577514
ZNF672	0.0877783860734352	0.430321082813665	0.499994982577514
ZNF692	0.0750166575180639	0.440369165569436	0.499994982577514
KCND3	0.030105340384283	0.475993919563497	0.499994982577514
LRRC8C	0.922875201981515	0.0324642274512384	0.118364265987481
LRRC8D	1.94759524315596	4.9060793387401e-05	0.000476951836745558
COL24A1	0.0910717558486022	0.427735051215529	0.499994982577514
LPAR3	-0.157953202785754	0.376036774890504	0.499994982577514
CLSTN1	-1.81353698950261	0.000143325592538823	0.001145390116645
PIK3CD	0.00896422960007244	0.4928479627508	0.499994982577514
SLC25A33	0.096726165694984	0.423302367429417	0.499994982577514
SPSB1	0.00788123529148234	0.493711944425593	0.499994982577514
CAMTA1	-0.156869983648609	0.376859271385356	0.499994982577514
CTPS1	-0.200782318401609	0.344002229883578	0.499994982577514
METTL18	0.0540973524238763	0.456920622609745	0.499994982577514
COL8A2	-0.00733765981084255	0.494145604663907	0.499994982577514
ANGPTL7	-0.0571018393558081	0.454538167900447	0.499994982577514
KLF17	-0.0311068459853641	0.475196329498287	0.499994982577514
SRGAP2C	-0.0671415067101365	0.446589392454986	0.499994982577514
PPIH	-0.0157340452080979	0.48744811984746	0.499994982577514
NEGR1	-1.68382697354537	0.000379053438905541	0.00255319566348518
ALG14	-0.198300947947013	0.345830527131462	0.499994982577514
GNG12	-0.0219599804249378	0.482484102097406	0.499994982577514
FGGY	0.104527586946239	0.417202583757876	0.499994982577514
HSPA6	-0.893319282773882	0.036997962157917	0.131656899301569
VANGL1	0.000260619595716637	0.499792055657751	0.499994982577514
DAB1	-0.00806699347091655	0.493563749690599	0.499994982577514
MICOS10	0.096298228123987	0.423637510237057	0.499994982577514
CD34	0.00535710165465174	0.495725733076067	0.499994982577514
CYB561D1	-0.0434898408910037	0.46534383123923	0.499994982577514
PHLDA3	-0.173729725534231	0.364123088227014	0.499994982577514
GLIS1	-0.126369559978243	0.400234907838402	0.499994982577514
GOLT1A	0.0406308512069273	0.467616915136091	0.499994982577514
PDZK1	-0.145965396777976	0.385169769323201	0.499994982577514
GLMN	-0.974303265288472	0.025671215823132	0.0953069154378485
SH3BP5L	-0.13464305394502	0.39385476088466	0.499994982577514
TMEM51-AS1	-1.42516254216898	0.00218372826081914	0.0111311121619051
ZNF683	-0.000233595711367605	0.49981361759521	0.499994982577514
CLK2	-0.00128297338671881	0.49897633646613	0.499994982577514
LINC00303	0.0151947321984398	0.487878223584951	0.499994982577514
NUDT4B	1.88081402294338	8.44054811700579e-05	0.000730223566452886
UBE2U	-0.0126212437298279	0.489930773824775	0.499994982577514
NHLH2	-0.0248535565846776	0.480177893989642	0.499994982577514
JUN	0.0160327394904622	0.487209916513927	0.499994982577514
AGTRAP	-0.043364194159727	0.465443705408083	0.499994982577514
FAM87B	0.153741241910027	0.379238076787526	0.499994982577514
RPS27	-1.36174980953801	0.00322971450495324	0.0157804185397456
PDE4DIP	0.102700461929143	0.418629449264927	0.499994982577514
CCDC185	2.43068051044829	5.8290707793951e-07	3.26690164647222e-05
CTNNBIP1	0.0422320385832393	0.466343731507397	0.499994982577514
DPM3	0.0987653293639674	0.421706145925837	0.499994982577514
FUCA1	2.16793369886	7.25932261380624e-06	0.00011665582164094
VWA1	-0.0660521859045706	0.447450869008804	0.499994982577514
HTR1D	0.156406949329184	0.377211027673343	0.499994982577514
SPEN-AS1	-0.162297593529155	0.372743735165443	0.499994982577514
CITED4	0.0863896373478988	0.43141246420979	0.499994982577514
TRNAU1AP	1.07002261762973	0.0161755556144491	0.0630311939852292
MIGA1	-0.19173650254454	0.350684541065088	0.499994982577514
FCRL6	-0.186581384861995	0.354513651777036	0.499994982577514
ZNF678	0.0245179063439689	0.480445377929194	0.499994982577514
GPR88	0.222353430190807	0.328265805440483	0.499994982577514
GPR3	0.0273376064144465	0.478198608556621	0.499994982577514
IBA57	0.113078479452828	0.410539672583372	0.499994982577514
SNRPE	0.0838669374060099	0.433396322738642	0.499994982577514
TDRKH	-0.0654615277878205	0.447918087976397	0.499994982577514
PAQR7	0.0953960978479396	0.424344201651792	0.499994982577514
FHL3	0.0352951465489323	0.471861918063272	0.499994982577514
SF3A3	0.0206599292649613	0.483520450885631	0.499994982577514
UTP11	2.19037970914505	5.91331975285936e-06	0.000105212462772573
TMEM50A	0.0747451991640277	0.44058334263112	0.499994982577514
SLC35F3	-0.0626574836723139	0.450137101681059	0.499994982577514
LIN9	0.0395223685936714	0.468498519614776	0.499994982577514
KIRREL1	-0.0892167954045578	0.429191235460328	0.499994982577514
ST6GALNAC3	-1.73061329221819	0.000268860010929961	0.00190627812260867
PTP4A2	-0.0432705183284567	0.465518167940465	0.499994982577514
TACSTD2	0.0452138644218517	0.46397366126169	0.499994982577514
CSF1	0.0367999045196345	0.470664411546583	0.499994982577514
PDE4B	-0.0270387489661909	0.478436710028804	0.499994982577514
FAF1	0.0465512617712979	0.462911056324522	0.499994982577514
PGBD2	0.833398381876759	0.0477774119898475	0.16033487368835
ZBTB37	-0.0230699990157411	0.481599333060653	0.499994982577514
SMYD3	0.117224250830245	0.407318404391263	0.499994982577514
IFNLR1	-0.980697140237317	0.0249165233436571	0.0928706779172675
ROR1	-0.0661991255709585	0.447334648943457	0.499994982577514
MUC1	-0.0777369206725014	0.438223887374485	0.499994982577514
FAM131C	0.051353857890878	0.459097474862898	0.499994982577514
PBX1	-1.39531935877167	0.00263020766894251	0.013193009743685
DNAH14	-2.25065033338033	3.37694433183433e-06	7.07657445537728e-05
NBPF6	0.0802932699103618	0.43620952848346	0.499994982577514
AGBL4	-0.0573476850981104	0.454343291879563	0.499994982577514
POLR3C	-1.77241287881043	0.000196436351585061	0.00143391820992459
EDARADD	0.0664390833822148	0.44714486708254	0.499994982577514
LCE5A	-1.02674835906364	0.0200122138535727	0.0759874378682213
MST1P2	-0.135460025745385	0.393226261351285	0.499994982577514
FOXD2	-0.30179326794179	0.273059283295048	0.499994982577514
HPDL	-2.48800070146099	3.24555883723932e-07	3.26690164647222e-05
TNFRSF18	-1.33939525440801	0.00369443028382166	0.0175067726514765
SPATA21	0.046229346594133	0.463166804327287	0.499994982577514
ISG15	0.0844792223223237	0.43291466388275	0.499994982577514
SAMD11	-0.00419715243215621	0.496651196203642	0.499994982577514
ZFP69B	-0.110557590570003	0.41250137497984	0.499994982577514
GPR89B	0.0563775652330874	0.455112346051979	0.499994982577514
SRSF10	0.130336475581967	0.397172363450333	0.499994982577514
FAM72B	-0.150022093779466	0.382071725326182	0.499994982577514
DPYD	-0.0606989235119036	0.45168796104774	0.499994982577514
S100A16	-0.0292245065656577	0.476695487320171	0.499994982577514
RBM34	-0.12896833433236	0.398227892310569	0.499994982577514
MTF1	0.0694105848774699	0.444795732457395	0.499994982577514
TMCO2	-0.0599181902897119	0.452306381030102	0.499994982577514
CNR2	-2.313024478429	1.86353618192303e-06	4.62451215671952e-05
FAM78B	0.0053508013627363	0.495730759693532	0.499994982577514
CFAP126	0.0728092517671853	0.442111279992044	0.499994982577514
BTBD8	0.156109806821061	0.377436813554505	0.499994982577514
PNRC2	0.026562475359719	0.478816175860088	0.499994982577514
KAZN	1.77158294990659	0.00019767695364814	0.00143391820992459
SH2D5	0.0210697931679245	0.483193711425555	0.499994982577514
STK40	-0.151167352582237	0.381198462277403	0.499994982577514
CD55	-2.39529609507881	8.31448987437255e-07	3.26690164647222e-05
SRGAP2B	-2.36131622644607	1.16405684180698e-06	3.57193339873968e-05
ZNF124	0.048945701784227	0.46100926308003	0.499994982577514
S100A5	-0.017388834587827	0.486128513637091	0.499994982577514
NBPF4	-1.09802673177328	0.0140440584586535	0.0554123310732648
GDAP2	0.0646398368709462	0.448568177228895	0.499994982577514
FAM72A	-0.091645602834789	0.427284767184411	0.499994982577514
SLC30A10	-0.125182344242557	0.401152667338494	0.499994982577514
S100A2	0.0594927718405501	0.452643404442012	0.499994982577514
ZMYM1	-0.123281066518983	0.402623556654992	0.499994982577514
TRIM33	0.0244364414906138	0.480510299637883	0.499994982577514
ZNF695	0.000277218534359506	0.499778811622798	0.499994982577514
MIB2	-0.132820968602557	0.395257492191754	0.499994982577514
S100A10	0.846139986813068	0.0452963021753079	0.154762365765635
TAF13	-2.01683167272713	2.74569883500497e-05	0.000308237381120201
MDS2	0.119997831633667	0.405166809292716	0.499994982577514
DNM3	-0.0475033679612135	0.462154738316307	0.499994982577514
MPZL1	-0.0575057096150816	0.454218035436057	0.499994982577514
SNHG12	2.07338999789208	1.68591886160474e-05	0.000211976198199103
MAN1A2	-0.0358056995978456	0.471455584061129	0.499994982577514
CACNA1E	-0.0356601077647731	0.471571453265415	0.499994982577514
NTRK1	2.36023718053475	1.17647633524065e-06	3.57193339873968e-05
RD3	-0.121289712517796	0.404165610823051	0.499994982577514
SH2D1B	1.96296024394687	4.31993473242187e-05	0.000433372175816364
MDM4	-0.847445070324466	0.0450481315993704	0.154474138538932
ABCA4	-0.13764569299089	0.391546190944741	0.499994982577514
GLMP	-0.0507847899163547	0.459549163159377	0.499994982577514
OXCT2	2.49282108757179	3.08781732627494e-07	3.26690164647222e-05
COLGALT2	-0.219278568567007	0.330491230349196	0.499994982577514
EPS8L3	-0.0290937149267675	0.476799666640799	0.499994982577514
RCSD1	1.18690525062848	0.00880279171445619	0.0377319663033281
MTOR	-1.38173176366836	0.00285957418358529	0.014192518184847
BRINP2	-1.62517920897808	0.000576298218554316	0.0036719541898427
LRIG2	-0.100084371300082	0.420674306113699	0.499994982577514
FOXJ3	-0.0325727119823434	0.474029107062801	0.499994982577514
PRMT6	1.89670212464407	7.42979733135973e-05	0.00064873137809928
SHISA4	-2.14819969250821	8.67973525098265e-06	0.000134180169535683
C1orf174	-0.120984068798734	0.404402426107552	0.499994982577514
NOS1AP	-0.111646380065269	0.411653830805892	0.499994982577514
MIR135B	0.0629881162575935	0.449875369187393	0.499994982577514
RNA5S1	-1.54180554063059	0.00102252374166922	0.00595209807650665
SNORD45B	1.11991618552711	0.0125509037377286	0.0505790693362311
FAM78B-AS1	0.172955817989149	0.364704561810176	0.499994982577514
EFCAB2	-0.00583921654073716	0.495341085176839	0.499994982577514
CHML	-0.0537063784608919	0.457230767249002	0.499994982577514
CAPN8	-1.18525510209147	0.00888177679360247	0.0378982602550549
LINC00862	-0.0487257835389733	0.461183897479836	0.499994982577514
C1orf53	1.15983459597919	0.0101793898318531	0.0426629538286109
PRDX6-AS1	-0.0377672360646221	0.469894735537346	0.499994982577514
NTMT2	2.43782704148907	5.42242531431647e-07	3.26690164647222e-05
CHIAP2	0.839147782512009	0.0466447067086588	0.157655764968693
SAMD13	0.0328640358591086	0.473797161366609	0.499994982577514
ZYG11A	-1.35112987062894	0.0034434968993674	0.0164833379497638
FOXO6	-0.0356009545088913	0.471618531049331	0.499994982577514
INPP5B	-0.922564556775615	0.032509379523603	0.118364265987481
ZDHHC18	0.0333328855175731	0.473423892211797	0.499994982577514
TMEM51-AS2	0.142219324030954	0.388037122338442	0.499994982577514
DISP3	-1.5912249580957	0.00073017385130314	0.0045599598793302
ZBTB48	-0.107365515569531	0.41498851375972	0.499994982577514
RNU1-1	-0.069690177466674	0.4445747976589	0.499994982577514
SNORD21	-0.0746130456934561	0.440687616271888	0.499994982577514
RNVU1-30	0.0141572872132219	0.488705628274652	0.499994982577514
RNVU1-15	-0.000394722073065307	0.499685057384806	0.499994982577514
RNVU1-14	0.0367937501091766	0.470669308775935	0.499994982577514
MIR181A1	-0.0657342914697247	0.447702319006831	0.499994982577514
MIR557	-0.0376346670161052	0.470000210072572	0.499994982577514
MAP10	0.0741360060425085	0.441064051156551	0.499994982577514
DENND1B	-1.06061633161735	0.0169511139056832	0.0655118869387673
C1orf220	-0.0654289878607095	0.447943829627498	0.499994982577514
SFT2D2	0.0971164374061271	0.422996771316616	0.499994982577514
CFAP45	0.00134963115683865	0.498923151444836	0.499994982577514
MLLT11	-0.0916534667021545	0.427278597251962	0.499994982577514
LEPROT	0.170968856126164	0.366198884040756	0.499994982577514
SH3D21	-0.116810098994666	0.407639922941514	0.499994982577514
SLC35E2A	-0.178103626015252	0.360842680671129	0.499994982577514
LINC01139	1.43434036623221	0.00206093816249253	0.0106783774023652
ZC3H11B	0.0651125969546699	0.448194131222751	0.499994982577514
LINC01356	-0.0532832625602767	0.45756643819894	0.499994982577514
MIR942	-0.0275559356972283	0.478024669257347	0.499994982577514
NBPF1	1.55439615196083	0.000939268614804756	0.00559818283943662
MTMR9LP	-0.0466484061790764	0.462833882204485	0.499994982577514
RNU6ATAC35P	-0.160806017494469	0.373873312639324	0.499994982577514
MIR1256	-0.194978379604199	0.348284260916556	0.499994982577514
LINC02897	-1.91225539899897	6.55160017788425e-05	0.000588396092166176
BCL10-AS1	-1.11061664924491	0.0131675819770858	0.0526089447571653
LGALS8-AS1	-0.227777756077723	0.32435482018445	0.499994982577514
ROR1-AS1	0.0290524480947084	0.476832537194687	0.499994982577514
LINC01767	1.80844238912687	0.000149084975063718	0.0011767697682841
SLC44A3-AS1	0.129473736320671	0.397837884570692	0.499994982577514
LINC00466	0.0164714018573954	0.486860099438207	0.499994982577514
TMCO1-AS1	1.51500176980626	0.00122275436325692	0.00686343669375758
LINC01708	0.0604603626725806	0.451876913086747	0.499994982577514
SLC25A34-AS1	-1.46936413820367	0.00164780932503539	0.00890204194861794
LAMC1-AS1	1.33405331738759	0.0038140021827433	0.0179234966008933
LAMTOR5-AS1	0.0115984464402805	0.490746608532017	0.499994982577514
LMX1A-AS2	0.0744173364048388	0.440842045195717	0.499994982577514
LINC00184	-1.12361844046973	0.0123124461633171	0.0501866063642581
LINC01645	1.77747547065374	0.000189024810352878	0.00141468568383146
CAMTA1-AS1	-2.17633491267916	6.72448094873879e-06	0.000111248869029135
MIR137HG	2.02865094880108	2.48214470388586e-05	0.000288970673551156
HSPA7	0.0326799971338638	0.473943687944398	0.499994982577514
LINC01770	-2.46451159291901	4.13208837590773e-07	3.26690164647222e-05
LINC02813	-1.30365474272985	0.00456284186528	0.020989072580288
GBP1P1	1.39729237202555	0.00259832093235268	0.0131027627765165
LINC01710	-0.103000116145592	0.41839536492741	0.499994982577514
LINC01745	1.94175761877559	5.14785382935701e-05	0.000485442616108366
RWDD3-DT	-0.0317381864708129	0.474693586477875	0.499994982577514
LINC01776	1.24975585092325	0.00621822958852958	0.0277904763127175
AP4B1-AS1	0.0348028187729177	0.472253774856979	0.499994982577514
LEMD1-AS1	-0.105427902127444	0.41649989590768	0.499994982577514
LINC02608	1.50485568763688	0.00130748026273209	0.007295585134653
LINC01748	-0.0228342617094529	0.481787226147418	0.499994982577514
LINC01035	0.0675355562427539	0.446277824868734	0.499994982577514
KIRREL1-IT1	-1.29023594842292	0.0049332693299079	0.0224737825029138
DAB1-AS1	-2.22821754717734	4.16669079206233e-06	8.18581128523913e-05
LINC02785	-1.07824257523753	0.0155229010328402	0.0609920653082011
ARHGAP29-AS1	-0.0588097861282977	0.453184548088188	0.499994982577514
SMYD3-AS1	-0.0660295829975576	0.447468746892073	0.499994982577514
LINC01359	0.992632656823844	0.0235574805080989	0.0881535877743543
LINC02798	-1.70927197607234	0.00031478574459054	0.00216673691349547
LINC01364	-1.4344916547183	0.00205896764023938	0.0106783774023652
HSD11B1-AS1	0.857441537897103	0.0431833330783821	0.15012188337797
LINC01132	0.016156007091807	0.487111614137713	0.499994982577514
LINC01714	2.10121263219044	1.3203522231553e-05	0.000175365091047246
CALR4P	-0.00599467492596211	0.495217056016807	0.499994982577514
TEX46	-2.28184387367219	2.51314096733068e-06	5.92472983048209e-05
EPHA2-AS1	-0.107287540073396	0.415049312271079	0.499994982577514
NGF-AS1	-0.229297143048067	0.323262770302414	0.499994982577514
LINC02869	1.58460590960458	0.000764264770405476	0.00474145841113397
ITPKB-IT1	0.0114109429797191	0.490896175049529	0.499994982577514
LINC01768	-0.103329707910538	0.418137927305795	0.499994982577514
MIR34AHG	0.0688807752342063	0.445214436416925	0.499994982577514
LYPLAL1-AS1	-1.36043930815067	0.00325543321559074	0.0157873904503949
LINC01344	-0.957019191724248	0.0278076257552968	0.102833690538215
LINC02607	-0.0201656731618378	0.48391448167507	0.499994982577514
LINC02787	1.82024385801051	0.000136061045490798	0.00109662876835746
LINC02768	-0.030893760867716	0.47536602035666	0.499994982577514
PIN1P1	2.37929220804945	9.7477678928648e-07	3.28290897248982e-05
PDC-AS1	0.0663229144519792	0.447236743207139	0.499994982577514
FOXO6-AS1	0.13086295367487	0.396766382696074	0.499994982577514
MIR181A1HG	0.0501040309894498	0.460089572850203	0.499994982577514
AGBL4-AS1	-1.31013743237127	0.00439294603288709	0.0203066083775124
ACBD6	0.167099730539817	0.369114525317642	0.499994982577514
LINC02812	1.6704970426159	0.000417395007109134	0.00277185557537967
LINC01349	0.0223521215874458	0.482171525758454	0.499994982577514
DNM3OS	-0.220648459320962	0.329499028291049	0.499994982577514
LINC02884	-0.0954585618553158	0.424295262075267	0.499994982577514
GORAB-AS1	-0.00685730672102366	0.494528832351697	0.499994982577514
PDE4DIPP6	0.076130590156527	0.439490470746701	0.499994982577514
LINC02789	1.80786776812747	0.000149748008689388	0.0011767697682841
EMBP1	0.321119895676729	0.260358750236417	0.499994982577514
LINC01354	-1.7266042745905	0.000276980276365357	0.00193475852305579
LINC01787	-0.0235933949334065	0.481182177976939	0.499994982577514
GNG12-AS1	-0.0259562643261435	0.479299195658318	0.499994982577514
LINC02777	-0.0663366916619193	0.447225846886947	0.499994982577514
TGFB2-AS1	-0.0318990710826149	0.47456547879228	0.499994982577514
LINC01705	0.0742395157572315	0.440982366476612	0.499994982577514
PLPPR5-AS1	2.20173237302806	5.32678014120158e-06	9.84932092775116e-05
DPYD-AS1	-0.208281376630328	0.338499128985887	0.499994982577514
RERE-AS1	0.00937679028102176	0.492518842323972	0.499994982577514
LINC01725	-0.000181981200279561	0.499854800013146	0.499994982577514
LINC01677	-0.0013100652371574	0.498954720369616	0.499994982577514
PHC2-AS1	0.0667968074558104	0.446861966745359	0.499994982577514
CNIH3-AS2	-0.00131677029521626	0.49894937052577	0.499994982577514
LINC01765	0.856798796448857	0.0433013279732852	0.15012188337797
BTG2-DT	-0.201073533263526	0.343787897945765	0.499994982577514
UQCRHL	-0.11281804949718	0.410742230925941	0.499994982577514
LINC02574	0.034879957158572	0.472192376576666	0.499994982577514
LINC01681	-0.0352898482096924	0.471866135008334	0.499994982577514
LINC01675	0.0944774597917623	0.425064074594027	0.499994982577514
LINC01781	-0.871390904858708	0.040685867461711	0.143159600807438
LINC01641	0.0723902732496846	0.442442071011694	0.499994982577514
LINC02765	-0.0668832740990365	0.446793590041747	0.499994982577514
ACBD3-AS1	-0.923067058832385	0.03243636703879	0.118364265987481
LNCTAM34A	-1.4869134739507	0.0014705544657071	0.00806240035559182
KAZN-AS1	2.10350220368709	1.29389048252326e-05	0.000174305532145634
LINC02817	-0.122768196152554	0.403020566707902	0.499994982577514
NUTF2P4	-1.9346727295313	5.456396321879e-05	0.000504449189365872
SMIM1	-2.48712370970752	3.27508031916501e-07	3.26690164647222e-05
LINC01702	1.77238558677491	0.000196477032569309	0.00143391820992459
LINC01221	0.0723612624058863	0.442464977079103	0.499994982577514
CNN3-DT	-0.103252713710511	0.418198062820424	0.499994982577514
DPYD-AS2	0.0557346004122758	0.455622143773307	0.499994982577514
LINC01361	-0.0255581423099522	0.479616429853004	0.499994982577514
LINC01744	-1.62802957654931	0.000564851064323468	0.00362350036501381
LINC02810	0.0421197439614804	0.466433011463105	0.499994982577514
OVAAL	-1.69088132351171	0.000360111726701584	0.00244306013150787
LINC01741	0.0880179901191523	0.43013283783237	0.499994982577514
LINC01774	-2.00332113155164	3.07940178635446e-05	0.000336137609793638
LINC01141	0.118805498210378	0.406091410423719	0.499994982577514
MMEL1-AS1	-0.0509764511767954	0.459397029341921	0.499994982577514
LINC01732	0.0219548010873294	0.482488230628047	0.499994982577514
LINC01358	0.0370294421364558	0.470481765487588	0.499994982577514
MGC27382	0.0279108393730607	0.4777419323634	0.499994982577514
LINC02971	-1.62159534222446	0.000590995377039327	0.00374032644663145
CAMTA1-AS2	-0.00129965424313442	0.498963027112723	0.499994982577514
NFIA-AS2	1.20499590018298	0.00797643952591143	0.0348230670043263
LINC02773	2.03955902189482	2.26034395581776e-05	0.000266438043792018
LINC02257	0.0908130568883166	0.427938076934246	0.499994982577514
LINC02806	-0.0609888171401906	0.451458365623006	0.499994982577514
OR2W3	2.44253535736352	5.16958697516223e-07	3.26690164647222e-05
ERRFI1-DT	0.0144798373308446	0.488448376026147	0.499994982577514
C1orf226	-0.0640606771595302	0.449026468507226	0.499994982577514
UOX	0.0169802259558534	0.486454343649581	0.499994982577514
BGLAP	-0.0157187487420844	0.48746031862604	0.499994982577514
MRPL20	0.0100939594546104	0.491946732618477	0.499994982577514
CFAP57	-0.097339415414828	0.422822192685033	0.499994982577514
TMEM35B	-1.3985580239445	0.00257805049841064	0.013070438817211
DDOST	0.136291896902543	0.392586585505905	0.499994982577514
CDK11B	0.0961370930531278	0.423763718816344	0.499994982577514
ZNF436-AS1	-0.0883724474401114	0.429854387478652	0.499994982577514
TMEM200B	-0.0900092115436322	0.428569052469323	0.499994982577514
TRNP1	0.172333313279683	0.365172505277405	0.499994982577514
UAP1-DT	0.190904216212893	0.35130173180637	0.499994982577514
DDX59-AS1	-0.0777141195855263	0.438241861519612	0.499994982577514
GS1-279B7.1	1.86927191072609	9.25446166780697e-05	0.000793359759340179
LINC01735	0.262349516681868	0.299896214698085	0.499994982577514
LINC01686	0.0229628914346807	0.481684702048234	0.499994982577514
MIR378G	-2.02080350974575	2.65430718430215e-05	0.000301567671662281
IKBKE	0.00761366349502805	0.493925410201104	0.499994982577514
MIR4253	0.140486018632133	0.38936592363093	0.499994982577514
NOTCH2NLA	2.25537705966271	3.22987818002218e-06	6.92221619036573e-05
MIR548AC	0.145939216415609	0.385189786967456	0.499994982577514
OTUD7B	2.42081603473052	6.4388520981673e-07	3.26690164647222e-05
MIR3117	0.050514588627314	0.459763649284057	0.499994982577514
MIR4420	-0.103349700607288	0.418122312532024	0.499994982577514
SEC22B	0.017047347145922	0.486400819684384	0.499994982577514
MIR4422	2.45175632969476	4.70689364151511e-07	3.26690164647222e-05
SRGAP2	-0.0163405914765736	0.486964414851652	0.499994982577514
RASSF5	0.128247586312264	0.398784253742841	0.499994982577514
MIR4711	0.272719638791127	0.29272571638151	0.499994982577514
MRPS21	2.44340307919774	5.12424533249956e-07	3.26690164647222e-05
MIR3972	-0.0248614037279559	0.480171640607809	0.499994982577514
LINC01140	0.00964788597064851	0.492302578402008	0.499994982577514
NBPF9	-0.0433930941301739	0.465420733184721	0.499994982577514
NBPF14	0.217866786745157	0.331515021915984	0.499994982577514
NUDT4P2	-0.295877961913012	0.277007021004588	0.499994982577514
NBPF19	0.00808882391991137	0.493546333785407	0.499994982577514
LINC01145	0.934274931089021	0.0308427334093215	0.113612100019493
LRRC8D-DT	0.0213448326312653	0.482974458993247	0.499994982577514
NBPF26	-2.40261362842284	7.72879132138193e-07	3.26690164647222e-05
LINC01138	0.0216211546257758	0.482754189353935	0.499994982577514
MIR6728	0.018766381702644	0.485030108561608	0.499994982577514
SEC22B2P	0.12586221252136	0.400627038169498	0.499994982577514
PDE4DIPP5	0.0523517780908964	0.458305520025333	0.499994982577514
PDE4DIPP2	0.855661331838928	0.0435107824156388	0.150295486512628
RNVU1-26	-0.0957502242170469	0.424066764620462	0.499994982577514
RNVU1-19	-2.24284736183472	3.6338368565314e-06	7.44936555588938e-05
PDE4DIPP4	2.13603435119148	9.68339423668141e-06	0.000142144314384989
MIR6500	2.08023152484093	1.58801500291794e-05	0.000207722014589405
MIR7156	-0.0693814463673254	0.444818758772691	0.499994982577514
MIR6737	0.147917192085213	0.383678281443559	0.499994982577514
RAB7B	-0.0611767021642771	0.451309569564095	0.499994982577514
MIR6730	-0.161430997435935	0.373399879925967	0.499994982577514
HYDIN2	0.0402490110590671	0.467920584626412	0.499994982577514
SCARNA2	0.0664555447289484	0.447131848299464	0.499994982577514
WASH9P	0.0944127070994937	0.425114826246491	0.499994982577514
LINC01348	-0.0946260797708289	0.424947594412679	0.499994982577514
LINC01144	1.28316410118714	0.00513907628230115	0.0232987929529326
LINC02815	-0.132843646853908	0.395240024968317	0.499994982577514
MIR7846	0.0844763742098917	0.432916904143176	0.499994982577514
MIR3916	0.0347696732438648	0.472280157235808	0.499994982577514
MIR3658	-1.95195066048764	4.73271934283703e-05	0.000469784667399508
LINC02801	2.12526835524477	1.0662943870865e-05	0.000152350849548874
MIR34A	-1.12390908885282	0.012293893136659	0.0501866063642581
LINC02606	1.35398789478932	0.00338474802472921	0.0162847825883655
TBCE	-0.190840941941738	0.351348669579643	0.499994982577514
LINC02988	0.0502946257689096	0.45993826472877	0.499994982577514
TOP1P1	1.16268069669604	0.0100263220098655	0.0422090252468893
LINC02793	-0.0875737125773327	0.430481897143528	0.499994982577514
BMP8B-AS1	-0.213602453869801	0.334615043513154	0.499994982577514
NOTCH2NLB	1.30007941958029	0.00465903096174092	0.0213275058102994
NOTCH2NLC	-0.111311820788607	0.411914217425126	0.499994982577514
LSP1P5	0.12409838955359	0.401991079151038	0.499994982577514
